000000000000030002390700080000009001209801307600200008010008053900000000000000800
000000000009805100051907020290001065000000000100508093026709580005103600000000000
000000000079050180800000007007306800050708096003502700700000005016030020000000000
000000050001903600009000300600050002103000506800020007005000200002036700030000000
000000080800701000000020030370000900000030000005000321010060050050802006080000000
000000085000210009960080100500800016000000000890006007009070052300050000080000000
000000907000020180000705026100900000050000000000507009920108000030059000507000000
000003017015009008060000000100007000009000200000500000000000020500600300300200000
000020000008035000000070602031006970200000000000501203009000730000000010800000000
000070020800000006010205000905000008000000000300008501000302080000000009070060000
000080000270000050095000810009806000020003060006905100017000620060000038000090000
000125000008000000020800000030000095060902010510000060000003009000007200001298000
000158000002060800030000000027030510000000000006080790050000080000070100000325000
000570030100000020700023000000080000007000000090000605002000300000700900001800000
000602000000050001085010620038206710000000000019007350026000530900020007000809000
000700800006000031000002000020070000010030080000060290000800070860000500002006000
000900002050123000030000160908000000070000090000000205091000050007039020000007000
000900800128006000070800060800030007500000009600079008090000010003600280001007000
000920000006803000190070006230000100001000700008030029700080091000507200000060000
001007090590080001030000080000005800050060020000100000080000030100020079020700000
001900003900700160030005007050000009000302600200000070600100030002007006500006800
003020600900305001001806000008102900700000008006708200002609500800203009005010300
003080250600000000000001090900000070000608000010200003820500000000000005030090710
003502900000000000106000305900251008070008030800763001308000100000020000005100800
005000006070009020000500107800150000000803000000092805907006000030000010200000600
005080700700200005320000080060105000008000500070803010050000091600508007003010600
005300000800000020070010500000005300010070006003200080060500009000000030000009700
006080300009070250000005000600317000007000800100826009000702000075000190003090600
007256000000000005010030060000508000008060200000107000030070090200000000006312700
010500200900001000002008030500030007008000500600080000000100700000700006003000050
020030090000907000900208005000806500607000208003102900800605007000309000030020050
020810700700003100090002805009000087000208003160030200302700060005600008076051090
030000080009000500007509200700105008020090030900002001000207100002000800070000090
030050000008010500060000012070502080000603000000109030250000098001020600080060020
050010000107000602000905000208030501000070020901080006000001000300000709020060010
050807020600010090702500006070020301500000908103080070900076205060090003080103000
053000790009753000100000002090080010000907000080030070500000003007601200061000900
060500030100090008000000000900050006000602070700000005000000000000080001050203000
062300750100005600570000000000090800000000006005830000030000091006000007059083260
080006902002008001900370060800010200003700100001060009020085007700900600609200018
080000000000069000000000007005900600070608030008502100900000005000781000060000010
080005000000003057000070809060000903007010500008007020901020000802300000000100080
100007090030020008009600500005300900010080002600000000300000010000000007007000300
100030080000800500000060021018000000300102006000000810520070900006009000090600002
100920000520010000000000070050008102000000000002700090060000000000030905000071006
120000000005069010009000500000000070700052090030000002090600050000900801003000900
200080300060070080030500209000105008000000000002706000301007000720000060000010003
200170603050000100000006079000000700000801000009050000310000000005000060906037002
300000000005009000200500000020000700160000058700310600000890100000067080000005037
300200000000107000706030500070009080900020000010800050009000301000702000000008006
302051000000000082087209001061305070075000009000020000100093000000010600000080010
360020089000361000000000000803000602000603007607000108000000000000018000970030010
361025900080960010000000057008000071000603000259000800700000005020018060005070329
380000000000000785009020300060090000800302009000000070001070500095006000000000092
500000060009000800600020000000001008208000501700500000000090080003000600060003002
600000000005002007729000003090000001000060000000080070300000165200000800050000000
608070502050608070002000300500090006000302050800050003005000200010700090009060701
630000000000500008005670000000020000003001020000000305000007000080300902907100080
700000000020070080003008079900500300060020090001097006000300900030000060009001035
700152300000000920000300000100000708000000060000000000009000506000907000800006010
800000000003600000070090200050007000000045700000100030001000068008500010090000400
850002000720000009000000000000107002305000900000000000000080070017000000000036000
900200007010000000000706500000800090020900060000002000001607000000000030300005702